0.502225
0.4965
0.49335
0.490875
0.486325
0.4849
0.482075
0.47935
0.478975
0.4765
0.476175
0.474925
0.476
0.4762
0.473675
0.472625
0.47175
0.471175
0.470625
0.470275
0.4678
0.46735
0.46755
0.465475
0.466175
0.464925
0.4641
0.4646
0.464075
0.4632
0.4623
0.461375
0.461425
0.460325
0.4617
0.460725
0.461
0.4603
0.46005
0.459
0.46045
0.460525
0.45965
0.4597
0.4596
0.459475
0.459275
0.4604
0.458725
0.4601
0.4589
0.457525
0.45715
0.456925
0.4574
0.4575
0.45735
0.457275
0.456775
0.457
0.456725
0.455925
0.45595
0.455575
0.455
0.455075
0.454275
0.454625
0.453375
0.4539
0.452575
0.4526
0.451975
0.4505
0.450725
0.450925
0.450425
0.4509
0.45
0.448725
0.448125
0.446975
0.447875
0.448175
0.44765
0.447425
0.446425
0.445925
0.4449
0.443525
0.4444
0.445
0.44325
0.44265
0.442875
0.44265
0.4419
0.441
0.4405
0.4401
0.440525
0.44035
0.439325
0.438625
0.43775
0.437675
0.4371
0.437
0.436775
0.436675
0.4357
0.435075
0.434475
0.43475
0.434275
0.434825
0.433175
0.432425
0.433175
0.433375
0.43345
0.431575
0.432075
0.431525
0.43125
0.4302
0.43035
0.43065
0.42975
0.429775
0.4297
0.429725
0.43015
0.428975
0.429
0.42855
0.42825
0.42825
0.42705
0.426875
0.426525
0.42525
0.42515
0.425
0.4254
0.4241
0.4232
0.423325
0.423075
0.423
0.4228
0.422725
0.422575
0.4225
0.422275
0.4232
0.421575
0.42165
0.421325
0.4204
0.42135
0.420175
0.419875
0.4188
0.4191
0.418475
0.418425
0.418775
0.417925
0.417875
0.41715
0.41765
0.4169
0.416425
0.41625
0.41725
0.41635
0.415925
0.415925
0.415875
0.4163
0.415625
0.415425
0.41505
0.41445
0.4142
0.413875
0.413725
0.413725
0.41285
0.4135
0.413225
0.412775
0.411375
0.411275
0.411625
0.41165
0.411075
0.410675
0.411175
0.411325
0.41105
0.41165
0.4112
0.410375
0.410325
0.409825
0.40985
0.4103
0.410475
0.409875
0.409875
0.410225
0.4098
0.409425
0.409825
0.4101
0.4098
0.409425
0.409525
0.409075
0.408625
0.408175
0.408025
0.407875
0.407725
0.406775
0.406825
0.406425
0.4049
0.4059
0.405775
0.405775
0.40505
0.405975
0.405275
0.405725
0.406
0.405275
0.405125
0.403725
0.405025
0.404775
0.40595
0.405625
0.405375
0.40455
0.40435
0.404925
0.404275
0.40395
0.4047
0.404175
0.4043
0.404075
0.403725
0.40325
0.4031
0.402575
0.40165
0.40165
0.401525
0.400675
0.400825
0.401375
0.4011
0.401675
0.40115
0.40105
0.40085
0.4012
0.400625
0.400525
0.3999
0.3994
0.39935
0.3992
0.39865
0.39825
0.397575
0.397775
0.396975
0.396675
0.39575
0.395125
0.39515
0.394325
0.394325
0.394375
0.394325
0.394875
0.394675
0.394725
0.39455
0.395025
0.3946
0.394525
0.3937
0.39475
0.394175
0.393775
0.393775
0.392475
0.39245
0.392775
0.392475
0.3921
0.391375
0.390875
0.390875
0.390775
0.391525
0.390625
0.39005
0.3897
0.390425
0.3895
0.389325
0.389425
0.388725
0.389325
0.388825
0.38785
0.387625
0.387725
0.387875
0.387775
0.3873
0.387225
0.386875
0.387025
0.385925
0.386675
0.386375
0.38625
0.386575
0.386675
0.386425
0.3866
0.3853
0.386025
0.38525
0.38495
0.38445
0.38475
0.384375
0.384075
0.383675
0.383725
0.3831
0.38335
0.38255
0.382575
0.383175
0.382075
0.381975
0.382075
0.382125
0.382675
0.381275
0.381525
0.38095
0.38065
0.380275
0.3802
0.37995
0.38
0.3802
0.3797
0.37985
0.379475
0.3799
0.3804
0.37915
0.3801
0.3792
0.37975
0.37915
0.378325
0.37785
0.37805
0.3779
0.376675
0.37755
0.3777
0.37725
0.376825
0.37635
0.3771
0.37675
0.3764
0.376125
0.37595
0.3769
0.3762
0.37565
0.37595
0.3755
0.3759
0.37555
0.375525
0.376075
0.375675
0.37535
0.375
0.374125
0.374375
0.3736
0.37335
0.3725
0.3727
0.373
0.37225
0.3733
0.3725
0.37265
0.372025
0.373125
0.372425
0.3716
0.37205
0.371925
0.37175
0.37205
0.3711
0.3705
0.371025
0.370225
0.370675
0.370425
0.370075
0.3699
0.37035
0.369975
0.370025
0.369725
0.369075
0.369075
0.369425
0.368825
0.3691
0.36895
0.36845
0.36875
0.3685
0.36895
0.36875
0.3685
0.36815
0.3687
0.36865
0.36805
0.36775
0.36765
0.36725
0.36765
0.36795
0.36725
0.3676
0.36735
0.3678
0.3669
0.3677
0.3673
0.3664
0.36625
0.36555
0.365775
0.365825
0.365725
0.365125
0.365825
0.365475
0.3649
0.3647
0.3649
0.3646
0.3638
0.3636
0.36375
0.36325
0.363
0.363925
0.363075
0.363025
0.362625
0.362225
0.363125
0.3628
0.36165
0.36165
0.3619
0.3612
0.3611
0.36065
0.361075
0.360975
0.360775
0.359925
0.359925
0.359825
0.359925
0.359525
0.35855
0.35895
0.35845
0.358
0.3573
0.3573
0.35745
0.35735
0.3573
0.3565
0.35595
0.3559
0.355375
0.354825
0.354475
0.35495
0.35385
0.35415
0.3535
0.3533
0.35265
0.3518
0.35205
0.351525
0.352325
0.351775
0.351425
0.351825
0.351475
0.350625
0.351025
0.349875
0.349925
0.350475
0.350325
0.350275
0.350025
0.350025
0.349375
0.349475
0.348975
0.34845
0.34785
0.348125
0.348075
0.348875
0.349075
0.348775
0.348825
0.348675
0.349275
0.348625
0.349225
0.348525
0.348375
0.34835
0.3488
0.34825
0.348
0.34825
0.34815
0.348
0.3478
0.3472
0.34755
0.34655
0.346975
0.346925
0.346875
0.347225
0.346725
0.346775
0.346275
0.346375
0.346175
0.345475
0.345525
0.346125
0.345125
0.344875
0.3444
0.344125
0.3446
0.3451
0.3441
0.344325
0.344425
0.343275
0.343175
0.344025
0.343275
0.342775
0.342175
0.342075
0.341825
0.341475
0.341225
0.340875
0.340375
0.34005
0.340475
0.341075
0.341175
0.340175
0.340675
0.339975
0.339975
0.339575
0.339525
0.339675
0.339325
0.339425
0.339175
0.339175
0.339075
0.338925
0.33935
0.338825
0.338875
0.338475
0.339025
0.337875
0.338225
0.338275
0.337975
0.338225
0.337375
0.337225
0.337075
0.33685
0.337075
0.33715
0.3368
0.33585
0.335625
0.335575
0.334925
0.335225
0.335375
0.335275
0.334975
0.335075
0.333775
0.33405
0.3344
0.3339
0.33345
0.3343
0.3331
0.3335
0.33295
0.333
0.3329
0.33235
0.33265
0.33285
0.3319
0.3323
0.33235
0.3318
0.3317
0.33255
0.3319
0.331375
0.331625
0.330725
0.330175
0.330625
0.3303
0.33025
0.3302
0.331
0.33055
0.3314
0.3314
0.33055
0.33085
0.33045
0.33035
0.3305
0.32975
0.33005
0.3304
0.33055
0.3303
0.32985
0.33015
0.33
0.33015
0.3307
0.3305
0.33055
0.330075
0.330425
0.3305
0.32985
0.329325
0.329075
0.3294
0.32805
0.3282
0.327825
0.327475
0.3271
0.3274
0.32695
0.32705
0.3272
0.32675
0.32655
0.326075
0.326275
0.325725
0.325625
0.325575
0.326
0.326
0.3251
0.3255
0.3254
0.326
0.32545
0.32575
0.3246
0.3248
0.32415
0.3238
0.3234
0.3233
0.32305
0.323
0.323
0.3223
0.3229
0.32175
0.321425
0.321425
0.321275
0.321375
0.321625
0.321175
0.32095
0.3207
0.3217
0.321
0.3212
0.32135
0.32095
0.32065
0.32095
0.32095
0.32065
0.32045
0.32055
0.32025
0.3195
0.3194
0.319325
0.31935
0.319
0.3195
0.3185
0.3186
0.3187
0.3183
0.31815
0.3184
0.31785
0.31755
0.3182
0.31805
0.31775
0.3179
0.3176
0.3175
0.317275
0.317725
0.317175
0.316475
0.316775
0.316125
0.316825
0.315975
0.316175
0.315925
0.316175
0.316
0.31585
0.3158
0.31575
0.316
0.315325
0.315775
0.315875
0.315875
0.315925
0.315225
0.315275
0.315075
0.314925
0.314575
0.314575
0.3143
0.31435
0.3147
0.3139
0.3142
0.31425
0.314425
0.314075
0.313975
0.314275
0.3143
0.3139
0.31375
0.31405
0.3139
0.31335
0.3137
0.31365
0.31365
0.3135
0.3134
0.31365
0.31375
0.3138
0.31355
0.31375
0.3141
0.31395
0.31425
0.3139
0.31415
0.31355
0.313975
0.314075
0.313775
0.313375
0.312625
0.313075
0.312775
0.312225
0.3117
0.31185
0.311825
0.312175
0.311775
0.311275
0.311375
0.311125
0.311175
0.311225
0.311025
0.311275
0.311425
0.310625
0.311825
0.311025
0.31115
0.3105
0.3111
0.3103
0.310875
0.310775
0.310575
0.310275
0.311125
0.310775
0.309925
0.309925
0.309775
0.310125
0.309525
0.309675
0.309575
0.308925
0.309725
0.309225
0.308825
0.308825
0.309125
0.308725
0.308625
0.308425
0.308175
0.308175
0.308225
0.308075
0.307775
0.30765
0.30725
0.307
0.306925
0.307075
0.306425
0.306175
0.30645
0.3067
0.3062
0.30615
0.30585
0.30585
0.30535
0.30555
0.305125
0.304675
0.304725
0.304875
0.304375
0.304925
0.304525
0.303825
0.303575
0.303625
0.303425
0.302975
0.303425
0.3024
0.30305
0.30335
0.30315
0.30235
0.30205
0.30245
0.30205
0.30175
0.3021
0.3021
0.3015
0.30125
0.3013
0.30015
0.29955
0.29975
0.3003
0.29985
0.29945
0.29925
0.2986
0.29865
0.2987
0.29855
0.29895
0.29865
0.29805
0.29765
0.29805
0.298
0.29705
0.29715
0.2974
0.2974
0.29685
0.2966
0.29645
0.29575
0.29565
0.29565
0.2953
0.2955
0.2956
0.2952
0.29455
0.2946
0.2944
0.2945
0.29405
0.294
0.29375
0.29325
0.29335
0.2928
0.29245
0.29185
0.29165
0.2918
0.2914
0.29145
0.2915
0.290975
0.29085
0.2904
0.28975
0.29005
0.2901
0.289675
0.289975
0.2903
0.2892
0.2894
0.28905
0.2893
0.2897
0.289
0.2889
0.28895
0.28805
